456
259
376
247
17
367
304
264
131
74
106
192
120
381
328
25
114
37
190
45
227
47
246
454
37
240
353
129
135
327
435
376
459
85
458
95
254
344
399
242
212
76
411
496
228
249
402
446
207
169
429
211
5
51
239
283
444
53
319
155
8
256
130
486
400
133
453
454
490
48
492
441
209
73
26
424
490
153
159
369
202
369
354
417
340
305
271
144
102
245
291
37
207
221
490
466
373
367
398
285
133
255
183
249
79
479
189
444
321
35
388
215
125
474
338
492
283
50
241
311
326
481
271
224
222
383
30
312
193
123
271
44
341
29
163
395
85
219
391
393
322
311
473
15
367
180
120
443
393
107
169
211
444
266
57
20
493
18
331
150
153
23
185
57
313
299
162
466
391
223
372
312
363
313
251
359
158
268
394
5
461
346
1
161
141
30
11
86
110
89
79
396
277
477
254
184
136
4
225
300
317
365
316
71
456
379
281
254
423
363
264
19
283
283
132
448
358
227
482
294
488
388
95
126
306
294
16
237
100
293
379
83
153
36
201
463
302
208
481
78
20
92
191
217
456
134
232
28
137
482
355
271
195
365
437
141
432
19
156
466
255
19
341
325
102
338
158
420
238
360
396
2
75
378
113
317
252
280
214
451
491
5
479
401
430
46
105
6
376
314
361
85
452
391
403
406
485
80
51
74
457
92
403
285
468
116
412
122
65
460
452
381
402
346
210
73
372
354
37
393
385
314
55
309
134
108
413
456
444
213
479
105
364
296
408
448
323
161
357
369
266
369
441
183
45
354
280
359
295
61
226
192
376
58
498
143
175
168
404
65
194
422
76
7
437
440
399
281
238
496
45
109
286
386
117
3
29
284
459
450
179
3
404
235
85
246
32
217
66
165
101
397
290
46
93
420
31
48
323
425
56
128
387
490
493
402
202
223
30
435
264
167
379
245
118
489
25
58
131
262
106
296
452
226
349
129
185
400
50
229
182
42
154
381
451
56
268
151
436
125
409
239
453
215
36
357
2
246
366
197
235
78
256
353
147
460
429
382
391
12
81
180
188
453
312
44
24
441
38
173
438
194
388
208
191
462
146
346
413
10
276
440
71
494
477
415
419
279
340
115
53
231
52
361
9
456
79
347
203
100
108
342
70
56
478
225
20
2
139
320
310
70
500
365
204
445
129
248
201
150
211
403
154
205
207
24
437
79
155
181
149
313
323
352
118
469
482
108
273
429
473
337
181
155
384
254
171
387
321
488
115
234
252
14
277
135
342
139
344
4
109
18
443
15
350
192
98
42
176
4
103
274
417
44
480
193
122
205
118
19
317
50
175
72
287
317
195
172
399
82
27
234
363
331
40
373
420
26
433
187
133
329
16
5
491
3
331
256
489
259
313
339
493
110
339
70
425
219
236
63
447
212
123
171
407
76
284
210
295
107
36
286
429
67
263
419
73
378
338
198
412
16
134
81
422
474
119
384
116
239
268
229
332
120
363
344
170
136
243
229
82
260
345
190
53
322
370
435
240
54
282
272
308
451
401
277
189
63
411
362
23
439
5
486
495
354
408
438
300
305
266
55
191
21
441
415
269
232
498
391
162
371
441
395
