12
408
91
167
42
445
278
425
471
383
224
423
130
330
485
102
287
423
163
85
283
278
13
84
99
223
2
452
229
69
190
71
115
224
414
293
432
109
241
432
124
29
396
366
278
163
343
305
2
196
174
125
192
356
456
54
460
367
75
219
340
425
283
487
417
359
16
234
301
267
300
143
495
94
158
372
105
397
50
354
168
433
448
94
272
360
276
284
231
36
301
147
99
333
241
469
389
165
297
306
344
72
60
493
177
76
112
260
420
466
292
4
100
51
175
388
75
391
71
433
259
467
50
365
255
314
405
69
167
294
125
145
11
134
426
488
326
357
333
163
434
106
447
267
251
420
251
297
76
95
380
480
441
194
327
113
35
427
326
14
223
230
89
255
116
388
279
364
204
185
444
384
103
5
250
48
360
218
185
474
246
123
34
397
492
154
340
214
63
149
441
218
45
80
498
89
104
302
284
391
413
310
36
158
55
121
249
192
49
495
421
437
429
421
59
216
79
113
344
192
377
167
459
262
344
435
3
467
474
377
95
456
347
73
207
212
193
165
289
454
249
365
403
4
286
219
84
277
98
78
309
126
192
159
210
309
390
68
290
124
57
271
442
397
183
458
225
15
183
92
399
115
217
165
283
200
89
440
244
252
372
32
95
83
370
234
151
402
118
275
476
206
42
169
445
206
491
416
51
436
130
388
264
295
212
423
368
231
459
381
126
209
31
352
326
364
360
124
150
67
248
143
182
166
477
126
266
431
475
181
384
112
295
118
187
48
115
387
398
11
363
134
375
454
253
43
390
47
64
366
105
422
385
321
128
69
172
11
480
158
310
290
196
481
159
158
290
424
481
395
362
486
274
281
163
350
339
498
120
238
323
177
198
43
212
301
103
205
111
46
445
238
214
442
324
432
363
390
52
441
86
461
271
348
480
462
401
377
31
170
391
391
136
257
296
243
477
446
273
278
216
188
123
166
146
83
483
40
497
198
321
239
182
11
6
413
131
95
296
383
215
6
25
283
88
243
481
428
353
485
109
358
299
231
61
302
306
348
492
246
215
42
247
124
361
117
290
61
489
425
101
425
149
261
64
117
114
11
390
385
400
145
120
344
349
44
145
239
284
78
385
115
321
311
317
43
370
222
205
401
75
34
347
356
419
12
252
214
262
176
357
380
373
312
339
242
272
85
78
488
443
110
297
72
129
120
402
15
323
369
21
366
187
428
443
16
278
45
176
227
443
228
478
285
464
222
187
375
210
395
274
444
440
438
96
362
274
160
310
315
154
230
38
40
219
493
31
247
18
382
201
46
216
131
107
97
445
182
232
335
396
304
24
118
303
316
216
253
188
204
495
335
459
280
138
107
266
24
305
321
321
187
433
124
2
384
118
27
369
233
258
122
149
297
314
235
72
182
108
6
53
386
56
88
288
492
179
45
202
100
303
487
33
395
195
192
302
66
313
175
487
412
68
225
96
168
287
186
313
207
459
185
419
401
3
270
436
202
251
253
453
204
85
85
262
145
329
244
158
442
13
26
207
307
231
195
454
176
269
426
383
262
136
15
156
389
360
46
383
398
235
350
118
375
284
300
491
163
344
170
450
303
200
83
362
228
73
89
227
401
482
230
161
256
131
188
16
442
343
83
361
415
119
495
221
326
45
260
114
111
177
384
261
109
7
396
453
238
483
72
422
338
280
73
49
440
99
472
177
212
277
208
385
220
329
258
107
319
199
306
15
82
295
373
38
385
433
56
393
202
309
391
259
333
57
280
483
263
391
69
449
453
382
387
136
271
153
285
12
472
5
195
112
260
282
48
497
21
344
432
324
304
304
163
498
51
23
289
385
39
166
391
60
473
124
268
218
367
429
339
426
407
54
400
373
103
105
241
111
215
288
157
101
348
242
112
41
426
144
114
143
24
108
44
75
92
297
485
461
141
284
413
16
343
59
324
301
138
43
489
389
434
58
62
332
372
35
302
127
294
342
318
378
110
305
439
265
215
386
348
150
87
342
224
236
176
376
223
432
168
476
116
460
181
387
118
139
256
221
23
301
279
141
44
332
381
142
266
51
147
329
389
320
420
28
291
146
240
423
117
132
71
441
135
269
128
499
403
178
167
135
406
419
281
2
425
103
496
54
241
131
223
393
484
70
324
422
329
303
499
